(left right width height horizontal_advance vertical_advance h_bearing_x h_bearing_y v_bearing_x v_bearing_y) 
version: 1
16
1
fonts/default.png
0 32 0 0 0 0 7 0 0 0 8 248 8 248
0 33 0.046875 0.125 1 8 7 0 3 8 23 252 24 244
0 34 0.03125 0.140625 3 3 7 0 2 9 38 250 41 247
0 35 0 0.125 7 8 7 0 0 8 52 252 59 244
0 36 0.015625 0.125 5 9 7 0 1 8 69 253 74 244
0 37 0 0.125 7 8 7 0 0 8 84 252 91 244
0 38 0.015625 0.125 6 8 7 0 1 8 101 252 107 244
0 39 0.046875 0.140625 1 3 7 0 3 9 119 250 120 247
0 40 0.03125 0.140625 3 11 7 0 2 9 134 254 137 243
0 41 0.03125 0.140625 3 11 7 0 2 9 150 254 153 243
0 42 0.015625 0.09375 5 5 7 0 1 6 165 251 170 246
0 43 0.015625 0.09375 5 5 7 0 1 6 181 251 186 246
0 44 0.015625 0.03125 2 4 7 0 1 2 199 250 201 246
0 45 0.015625 0.0625 5 1 7 0 1 4 213 249 218 248
0 46 0.03125 0.03125 1 2 7 0 2 2 231 249 232 247
0 47 0.015625 0.140625 5 10 7 0 1 9 245 253 250 243
0 48 0.015625 0.125 5 8 7 0 1 8 5 236 10 228
0 49 0.015625 0.125 5 8 7 0 1 8 21 236 26 228
0 50 0.015625 0.125 5 8 7 0 1 8 37 236 42 228
0 51 0.015625 0.125 5 8 7 0 1 8 53 236 58 228
0 52 0.015625 0.125 6 8 7 0 1 8 69 236 75 228
0 53 0.015625 0.125 5 8 7 0 1 8 85 236 90 228
0 54 0.015625 0.125 5 8 7 0 1 8 101 236 106 228
0 55 0.015625 0.125 5 8 7 0 1 8 117 236 122 228
0 56 0.015625 0.125 5 8 7 0 1 8 133 236 138 228
0 57 0.015625 0.125 5 8 7 0 1 8 149 236 154 228
0 58 0.046875 0.09375 1 6 7 0 3 6 167 235 168 229
0 59 0.015625 0.09375 2 8 7 0 1 6 183 236 185 228
0 60 0 0.09375 6 5 7 0 0 6 197 235 203 230
0 61 0.015625 0.078125 6 3 7 0 1 5 213 234 219 231
0 62 0.015625 0.09375 6 5 7 0 1 6 229 235 235 230
0 63 0.015625 0.125 5 8 7 0 1 8 245 236 250 228
0 64 0 0.125 7 8 7 0 0 8 4 220 11 212
0 65 0.015625 0.125 6 8 7 0 1 8 21 220 27 212
0 66 0.015625 0.125 6 8 7 0 1 8 37 220 43 212
0 67 0.015625 0.125 6 8 7 0 1 8 53 220 59 212
0 68 0.015625 0.125 6 8 7 0 1 8 69 220 75 212
0 69 0.015625 0.125 5 8 7 0 1 8 85 220 90 212
0 70 0.015625 0.125 5 8 7 0 1 8 101 220 106 212
0 71 0.015625 0.125 6 8 7 0 1 8 117 220 123 212
0 72 0.015625 0.125 6 8 7 0 1 8 133 220 139 212
0 73 0.03125 0.125 3 8 7 0 2 8 150 220 153 212
0 74 0.015625 0.125 4 8 7 0 1 8 166 220 170 212
0 75 0.015625 0.125 6 8 7 0 1 8 181 220 187 212
0 76 0.015625 0.125 5 8 7 0 1 8 197 220 202 212
0 77 0 0.125 7 8 7 0 0 8 212 220 219 212
0 78 0.015625 0.125 6 8 7 0 1 8 229 220 235 212
0 79 0.015625 0.125 6 8 7 0 1 8 245 220 251 212
0 80 0.015625 0.125 5 8 7 0 1 8 5 204 10 196
0 81 0.015625 0.125 6 9 7 0 1 8 21 205 27 196
0 82 0.015625 0.125 6 8 7 0 1 8 37 204 43 196
0 83 0.015625 0.125 6 8 7 0 1 8 53 204 59 196
0 84 0 0.125 7 8 7 0 0 8 68 204 75 196
0 85 0.015625 0.125 6 8 7 0 1 8 85 204 91 196
0 86 0 0.125 7 8 7 0 0 8 100 204 107 196
0 87 0 0.125 7 8 7 0 0 8 116 204 123 196
0 88 0.015625 0.125 6 8 7 0 1 8 133 204 139 196
0 89 0 0.125 7 8 7 0 0 8 148 204 155 196
0 90 0.015625 0.125 6 8 7 0 1 8 165 204 171 196
0 91 0.03125 0.140625 3 11 7 0 2 9 182 206 185 195
0 92 0.015625 0.140625 5 10 7 0 1 9 197 205 202 195
0 93 0.03125 0.140625 3 11 7 0 2 9 214 206 217 195
0 94 0.015625 0.140625 5 6 7 0 1 9 229 203 234 197
0 95 0 0 7 1 7 0 0 0 244 201 251 200
0 96 0.03125 0.140625 2 2 7 0 2 9 7 185 9 183
0 97 0.015625 0.09375 5 6 7 0 1 6 21 187 26 181
0 98 0.015625 0.140625 5 9 7 0 1 9 37 189 42 180
0 99 0.015625 0.09375 5 6 7 0 1 6 53 187 58 181
0 100 0.015625 0.140625 5 9 7 0 1 9 69 189 74 180
0 101 0.015625 0.09375 5 6 7 0 1 6 85 187 90 181
0 102 0.015625 0.140625 5 9 7 0 1 9 101 189 106 180
0 103 0.015625 0.09375 5 9 7 0 1 6 117 189 122 180
0 104 0.015625 0.140625 5 9 7 0 1 9 133 189 138 180
0 105 0.03125 0.140625 2 9 7 0 2 9 151 189 153 180
0 106 0.015625 0.140625 4 11 7 0 1 9 166 190 170 179
0 107 0.015625 0.140625 5 9 7 0 1 9 181 189 186 180
0 108 0.03125 0.140625 2 9 7 0 2 9 199 189 201 180
0 109 0 0.09375 7 6 7 0 0 6 212 187 219 181
0 110 0.015625 0.09375 5 6 7 0 1 6 229 187 234 181
0 111 0.015625 0.09375 5 6 7 0 1 6 245 187 250 181
0 112 0.015625 0.09375 5 9 7 0 1 6 5 173 10 164
0 113 0.015625 0.09375 5 9 7 0 1 6 21 173 26 164
0 114 0.015625 0.09375 5 6 7 0 1 6 37 171 42 165
0 115 0.015625 0.09375 5 6 7 0 1 6 53 171 58 165
0 116 0.03125 0.125 4 8 7 0 2 8 70 172 74 164
0 117 0.015625 0.09375 5 6 7 0 1 6 85 171 90 165
0 118 0.015625 0.09375 5 6 7 0 1 6 101 171 106 165
0 119 0 0.09375 7 6 7 0 0 6 116 171 123 165
0 120 0.015625 0.09375 5 6 7 0 1 6 133 171 138 165
0 121 0.015625 0.09375 5 9 7 0 1 6 149 173 154 164
0 122 0.015625 0.09375 5 6 7 0 1 6 165 171 170 165
0 123 0.015625 0.140625 5 11 7 0 1 9 181 174 186 163
0 124 0.046875 0.140625 1 11 7 0 3 9 199 174 200 163
0 125 0.015625 0.140625 5 11 7 0 1 9 213 174 218 163
0 126 0 0.078125 7 2 7 0 0 5 228 169 235 167
0 127 0 0 0 0 7 0 0 0 248 168 248 168
0 129 0 0 0 0 7 0 0 0 8 152 8 152
0 130 0.03125 0.03125 2 4 7 0 2 2 23 154 25 150
0 131 0.015625 0.140625 5 11 7 0 1 9 37 158 42 147
0 132 0.03125 0.03125 3 3 7 0 2 2 54 154 57 151
0 133 0.015625 0.015625 5 1 7 0 1 1 69 153 74 152
0 134 0.015625 0.140625 5 9 7 0 1 9 85 157 90 148
0 135 0.015625 0.140625 5 9 7 0 1 9 101 157 106 148
0 136 0.015625 0.140625 5 3 7 0 1 9 117 154 122 151
0 137 0.015625 0.125 6 8 7 0 1 8 133 156 139 148
0 138 0.015625 0.15625 6 10 7 0 1 10 149 157 155 147
0 139 0.015625 0.09375 3 5 7 0 1 6 166 155 169 150
0 140 0 0.125 7 8 7 0 0 8 180 156 187 148
0 141 0 0 0 0 7 0 0 0 200 152 200 152
0 142 0.015625 0.15625 6 10 7 0 1 10 213 157 219 147
0 143 0 0 0 0 7 0 0 0 232 152 232 152
0 144 0 0 0 0 7 0 0 0 248 152 248 152
0 145 0.046875 0.140625 2 3 7 0 3 9 7 138 9 135
0 146 0.03125 0.140625 2 3 7 0 2 9 23 138 25 135
0 147 0.03125 0.140625 4 3 7 0 2 9 38 138 42 135
0 148 0.015625 0.140625 4 3 7 0 1 9 54 138 58 135
0 149 0.015625 0.09375 5 5 7 0 1 6 69 139 74 134
0 150 0.015625 0.0625 5 1 7 0 1 4 85 137 90 136
0 151 0 0.0625 7 1 7 0 0 4 100 137 107 136
0 152 0.015625 0.125 4 2 7 0 1 8 118 137 122 135
0 153 0 0.125 7 4 7 0 0 8 132 138 139 134
0 154 0.015625 0.140625 5 9 7 0 1 9 149 141 154 132
0 155 0.015625 0.09375 3 5 7 0 1 6 166 139 169 134
0 156 0 0.09375 7 6 7 0 0 6 180 139 187 133
0 157 0 0 0 0 7 0 0 0 200 136 200 136
0 158 0.015625 0.140625 5 9 7 0 1 9 213 141 218 132
0 159 0 0.140625 7 9 7 0 0 9 228 141 235 132
0 160 0 0 0 0 7 0 0 0 248 136 248 136
0 161 0.046875 0.125 1 8 7 0 3 8 7 124 8 116
0 162 0.015625 0.109375 5 8 7 0 1 7 21 124 26 116
0 163 0.015625 0.125 5 8 7 0 1 8 37 124 42 116
0 164 0 0.109375 7 7 7 0 0 7 52 124 59 117
0 165 0 0.125 7 8 7 0 0 8 68 124 75 116
0 166 0.046875 0.140625 1 11 7 0 3 9 87 126 88 115
0 167 0.015625 0.140625 5 9 7 0 1 9 101 125 106 116
0 168 0.03125 0.140625 3 1 7 0 2 9 118 121 121 120
0 169 0 0.125 7 8 7 0 0 8 132 124 139 116
0 170 0.015625 0.125 4 5 7 0 1 8 150 123 154 118
0 171 0.015625 0.09375 5 5 7 0 1 6 165 123 170 118
0 172 0.015625 0.0625 4 4 7 0 1 4 182 122 186 118
0 173 0 0 0 0 7 0 0 0 200 120 200 120
0 174 0 0.125 7 8 7 0 0 8 212 124 219 116
0 175 0 0.15625 7 1 7 0 0 10 228 121 235 120
0 176 0.015625 0.140625 4 4 7 0 1 9 246 122 250 118
0 177 0.015625 0.109375 5 7 7 0 1 7 5 108 10 101
0 178 0.015625 0.140625 4 5 7 0 1 9 22 107 26 102
0 179 0.015625 0.140625 4 5 7 0 1 9 38 107 42 102
0 180 0.046875 0.140625 2 2 7 0 3 9 55 105 57 103
0 181 0 0.09375 7 8 7 0 0 6 68 108 75 100
0 182 0.015625 0.125 6 9 7 0 1 8 85 109 91 100
0 183 0.03125 0.078125 3 3 7 0 2 5 102 106 105 103
0 184 0.046875 0 2 3 7 0 3 0 119 106 121 103
0 185 0.015625 0.140625 3 5 7 0 1 9 134 107 137 102
0 186 0.015625 0.140625 4 5 7 0 1 9 150 107 154 102
0 187 0.015625 0.09375 5 5 7 0 1 6 165 107 170 102
0 188 0.015625 0.15625 6 10 7 0 1 10 181 109 187 99
0 189 0.015625 0.15625 6 10 7 0 1 10 197 109 203 99
0 190 0 0.15625 7 10 7 0 0 10 212 109 219 99
0 191 0.015625 0.125 5 8 7 0 1 8 229 108 234 100
0 192 0.015625 0.15625 6 10 7 0 1 10 245 109 251 99
0 193 0.015625 0.15625 6 10 7 0 1 10 5 93 11 83
0 194 0.015625 0.15625 6 10 7 0 1 10 21 93 27 83
0 195 0.015625 0.15625 6 10 7 0 1 10 37 93 43 83
0 196 0.015625 0.140625 6 9 7 0 1 9 53 93 59 84
0 197 0.015625 0.15625 6 10 7 0 1 10 69 93 75 83
0 198 0 0.125 7 8 7 0 0 8 84 92 91 84
0 199 0.015625 0.125 6 11 7 0 1 8 101 94 107 83
0 200 0.015625 0.15625 5 10 7 0 1 10 117 93 122 83
0 201 0.015625 0.15625 5 10 7 0 1 10 133 93 138 83
0 202 0.015625 0.15625 5 10 7 0 1 10 149 93 154 83
0 203 0.015625 0.140625 5 9 7 0 1 9 165 93 170 84
0 204 0.03125 0.15625 3 10 7 0 2 10 182 93 185 83
0 205 0.03125 0.15625 3 10 7 0 2 10 198 93 201 83
0 206 0.03125 0.15625 3 10 7 0 2 10 214 93 217 83
0 207 0.03125 0.140625 3 9 7 0 2 9 230 93 233 84
0 208 0 0.109375 7 7 7 0 0 7 244 92 251 85
0 209 0.015625 0.15625 6 10 7 0 1 10 5 77 11 67
0 210 0.015625 0.15625 6 10 7 0 1 10 21 77 27 67
0 211 0.015625 0.15625 6 10 7 0 1 10 37 77 43 67
0 212 0.015625 0.15625 6 10 7 0 1 10 53 77 59 67
0 213 0.015625 0.15625 6 10 7 0 1 10 69 77 75 67
0 214 0.015625 0.140625 6 9 7 0 1 9 85 77 91 68
0 215 0.015625 0.09375 5 5 7 0 1 6 101 75 106 70
0 216 0.015625 0.125 6 8 7 0 1 8 117 76 123 68
0 217 0.015625 0.15625 6 10 7 0 1 10 133 77 139 67
0 218 0.015625 0.15625 6 10 7 0 1 10 149 77 155 67
0 219 0.015625 0.15625 6 10 7 0 1 10 165 77 171 67
0 220 0.015625 0.140625 6 9 7 0 1 9 181 77 187 68
0 221 0 0.15625 7 10 7 0 0 10 196 77 203 67
0 222 0.015625 0.125 5 8 7 0 1 8 213 76 218 68
0 223 0 0.140625 7 10 7 0 0 9 228 77 235 67
0 224 0.015625 0.140625 5 9 7 0 1 9 245 77 250 68
0 225 0.015625 0.140625 5 9 7 0 1 9 5 61 10 52
0 226 0.015625 0.140625 5 9 7 0 1 9 21 61 26 52
0 227 0.015625 0.140625 5 9 7 0 1 9 37 61 42 52
0 228 0.015625 0.125 5 8 7 0 1 8 53 60 58 52
0 229 0.015625 0.15625 5 10 7 0 1 10 69 61 74 51
0 230 0 0.09375 7 6 7 0 0 6 84 59 91 53
0 231 0.015625 0.09375 5 9 7 0 1 6 101 61 106 52
0 232 0.015625 0.140625 5 9 7 0 1 9 117 61 122 52
0 233 0.015625 0.140625 5 9 7 0 1 9 133 61 138 52
0 234 0.015625 0.140625 5 9 7 0 1 9 149 61 154 52
0 235 0.015625 0.125 5 8 7 0 1 8 165 60 170 52
0 236 0.03125 0.140625 2 9 7 0 2 9 183 61 185 52
0 237 0.03125 0.140625 2 9 7 0 2 9 199 61 201 52
0 238 0.03125 0.140625 3 9 7 0 2 9 214 61 217 52
0 239 0.03125 0.140625 3 9 7 0 2 9 230 61 233 52
0 240 0.015625 0.140625 5 9 7 0 1 9 245 61 250 52
0 241 0.015625 0.140625 5 9 7 0 1 9 5 45 10 36
0 242 0.015625 0.140625 5 9 7 0 1 9 21 45 26 36
0 243 0.015625 0.140625 5 9 7 0 1 9 37 45 42 36
0 244 0.015625 0.140625 5 9 7 0 1 9 53 45 58 36
0 245 0.015625 0.140625 5 9 7 0 1 9 69 45 74 36
0 246 0.015625 0.125 5 8 7 0 1 8 85 44 90 36
0 247 0.015625 0.09375 5 5 7 0 1 6 101 43 106 38
0 248 0.015625 0.109375 5 8 7 0 1 7 117 44 122 36
0 249 0.015625 0.140625 5 9 7 0 1 9 133 45 138 36
0 250 0.015625 0.140625 5 9 7 0 1 9 149 45 154 36
0 251 0.015625 0.140625 5 9 7 0 1 9 165 45 170 36
0 252 0.015625 0.125 5 8 7 0 1 8 181 44 186 36
0 253 0.015625 0.140625 5 12 7 0 1 9 197 46 202 34
0 254 0.015625 0.125 5 10 7 0 1 8 213 45 218 35
0 255 0.015625 0.125 5 11 7 0 1 8 229 46 234 35
0 8364 0.015625 0.109375 6 7 7 0 1 7 245 44 251 37
